
strategic_region={
	id=113
	name="STRATEGICREGION_195"
	provinces={
		1217 1410 1422 1431 1454 1478 1498 1511 1514 1540 1557 2133 2139 2177 2186 2201 2205 2221 2223 4415 4441 4462 4487 4645 5125 5138 5170 5198 5206 5207 5211 7457 7481 7579 7608 7610 7623 7669 8134 8152 8155 8206 8209 8237 8247 8249 10276 10288 10316 10336 10473 10518 10936 10937 10941 10950 10955 10958 10971 10979 10991 11013 11016 12104 12246 12290 12311 12323 12326 12339 12499 12904 12906 12912 12915 12926 12934 12936 12949 12957 12992 12993 13132 13133 
	}
	weather={
	}
}
