
strategic_region={
	id=117
	name="STRATEGICREGION_117"
	provinces={
		492 598 638 702 706 715 718 733 734 788 801 822 847 859 860 862 865 866 873 880 891 894 905 908 951 968 1019 1077 1132 1163 1282 1338 1433 1436 1480 1485 1506 1547 1556 1572 1584 1587 1619 1843 1913 3602 3687 3693 3697 3702 3710 3712 3715 3732 3733 3747 3802 3806 3823 3824 3847 3850 3863 3878 3880 3894 3897 3906 3917 3925 3941 3957 3975 3994 4168 4287 4445 4491 4594 4622 4627 4653 4756 5059 5090 6705 6707 6717 6719 6732 6778 6795 6823 6845 6846 6850 6869 6872 6882 6885 6892 6899 6909 6911 6916 6929 6943 6958 6971 6984 7012 7045 7083 7118 7134 7138 7202 7388 7422 7462 7466 7480 7527 7558 7583 7588 7612 7629 7640 7643 7646 9662 9664 9673 9675 9693 9708 9721 9754 9758 9774 9779 9786 9789 9801 9804 9820 9832 9834 9836 9847 9850 9864 9876 9923 9931 9949 9967 9996 10029 10047 10051 10081 10096 10192 10247 10318 10343 10352 10380 10381 10394 10407 10412 10437 10439 10441 10465 10468 10481 10489 10492 10495 10520 11509 11648 11650 11654 11660 11662 11665 11680 11722 11738 11740 11758 11769 11782 11783 11785 11789 11799 11800 11817 11830 11841 11873 11888 11892 11900 11927 11942 11975 12054 12202 12221 12325 12353 12381 12384 12405 12439 12445 12459 12470 12498 12735 12752 12803 13157 13158 
	}
	weather={
	}
}
