
strategic_region={
	id=12
	name="STRATEGICREGION_204"
	provinces={
		1892 1900 1904 1945 1952 1965 2008 2011 2021 2037 2051 2060 2069 2077 2083 2104 4887 4898 4904 4908 4946 4956 4965 4977 5015 5021 5052 5066 5071 7913 7921 7935 7964 7973 8003 8012 8032 8033 8057 8079 8089 8097 8119 8236 10172 10730 10732 10738 10746 10765 10769 10773 10800 10809 10830 10832 10848 10853 10871 10889 10895 10916 12461 12712 12715 12721 12736 12745 12746 12753 12755 12804 12810 12811 12827 12833 12835 12850 12859 12867 12873 12897 13088 13089 13214 13215 13216 
	}
	weather={
	}
}
