
strategic_region={
	id=14
	name="Iberia"
	provinces={
		726 729 738 740 758 790 794 798 809 813 832 854 857 858 871 872 874 884 885 888 896 897 899 903 915 918 920 931 932 939 942 948 962 977 985 1093 3725 3727 3729 3735 3737 3744 3761 3794 3799 3816 3820 3835 3845 3858 3859 3873 3874 3887 3891 3898 3899 3902 3909 3918 3920 3930 3931 3933 3938 3945 3953 3954 3986 4024 4098 4195 6734 6746 6749 6756 6764 6800 6812 6817 6832 6836 6841 6856 6865 6866 6867 6878 6879 6896 6901 6902 6903 6906 6907 6914 6927 6936 6948 6954 6955 6959 6966 6993 7111 7213 9686 9689 9699 9700 9703 9719 9757 9764 9767 9770 9778 9785 9797 9800 9812 9813 9824 9827 9828 9839 9840 9842 9846 9852 9857 9870 9872 9877 9881 9889 9896 9903 9917 9925 9933 10024 10109 11675 11677 11684 11688 11692 11707 11710 11737 11742 11756 11766 11779 11780 11793 11798 11806 11807 11809 11812 11819 11820 11821 11825 11838 11840 11843 11851 11852 11854 11863 11870 11884 12081 13218 13219 13220 13221 13222 13223 13224 13225 13226 13227 13229 13230 13232 13233 
	}
	weather={
	}
}
