
strategic_region={
	id=145
	name="STRATEGICREGION_145"
	provinces={
		517 531 556 1010 1027 1034 1114 1172 1180 1196 1203 1257 1319 1367 1383 1395 1438 1458 1474 1519 1522 1531 1575 1612 1630 1647 1653 1698 1703 1708 1766 1778 1783 1838 1844 1882 1884 1893 1918 1933 1943 1959 1961 1970 1976 1985 1991 1999 2006 2010 2014 2015 2022 2028 2030 2045 2053 2067 2074 2087 2091 2093 2098 2099 3427 3742 3745 4041 4074 4130 4141 4167 4174 4192 4256 4295 4313 4325 4375 4403 4407 4431 4469 4501 4504 4525 4532 4536 4538 4559 4634 4682 4704 4709 4714 4770 4783 4788 4823 4828 4843 4849 4888 4896 4900 4914 4925 4937 4939 4947 4960 4964 4973 4986 4994 4999 5007 5009 5011 5016 5018 5025 5030 5031 5033 5048 5057 5064 5072 5076 5080 5087 5092 5094 5100 5102 5193 5736 6638 6999 7019 7048 7101 7158 7201 7208 7240 7256 7270 7279 7294 7301 7314 7397 7406 7418 7434 7446 7448 7511 7519 7521 7549 7571 7577 7584 7596 7606 7609 7631 7659 7693 7702 7727 7732 7737 7790 7792 7803 7850 7866 7911 7926 7940 7948 7949 7965 7971 7976 7988 7997 8018 8023 8026 8029 8037 8041 8042 8049 8055 8059 8068 8072 8081 8086 8095 8102 8104 8112 8121 8126 8127 9939 9966 10006 10132 10144 10257 10304 10315 10335 10346 10367 10413 10421 10424 10451 10474 10480 10490 10507 10545 10614 10616 10629 10674 10691 10724 10726 10733 10741 10750 10755 10757 10763 10770 10776 10781 10787 10796 10802 10817 10819 10822 10834 10839 10841 10852 10854 10856 10863 10865 10880 10885 10899 10903 10911 10918 11448 11865 11972 12078 12086 12119 12141 12156 12248 12262 12274 12282 12300 12314 12327 12331 12344 12356 12403 12408 12414 12432 12524 12526 12590 12596 12598 12601 12609 12653 12656 12671 12705 12706 12713 12724 12732 12737 12750 12767 12776 12784 12789 12797 12801 12807 12815 12819 12820 12837 12841 12846 12864 12877 12880 12882 12890 12898 12899 13146 
	}
	weather={
	}
}
