
strategic_region={
	id=147
	name="STRATEGICREGION_163"
	provinces={
		1446 1524 1529 1542 1583 1585 1598 1928 1979 2035 2109 2111 2132 2142 2147 2150 2153 2164 2167 2168 2175 2178 2181 2185 2190 2198 2204 2214 2218 2227 2228 4436 4533 4548 4570 4575 4587 4589 4604 4617 4934 4980 4982 5008 5083 5107 5110 5112 5115 5148 5151 5153 5156 5167 5168 5172 5174 5178 5182 5186 5194 5200 5204 5208 5214 5216 5218 5220 5223 5232 7476 7553 7561 7581 7589 7594 7636 7638 8107 8129 8140 8143 8148 8172 8175 8177 8179 8181 8184 8185 8189 8190 8196 8197 8210 8224 8226 8227 8233 8239 8242 8254 10345 10360 10392 10405 10419 10432 10447 10513 10874 10906 10926 10931 10933 10934 10939 10945 10946 10947 10956 10959 10960 10967 10980 10984 10989 10994 10998 10999 11002 11003 11008 11010 12334 12396 12422 12438 12466 12479 12716 12828 12853 12885 12903 12909 12913 12919 12923 12933 12937 12938 12939 12947 12951 12959 12961 12965 12972 12977 12987 12996 12999 13083 
	}
	weather={
	}
}
