
strategic_region={
	id=148
	name="STRATEGICREGION_148"
	provinces={
	    	6 96 99 105 108 154 186 198 307 664 675 681 725 739 753 837 855 957 1223 1229 1233 1267 1272 1276 1287 1292 1294 1295 1297 1303 1307 1309 1325 1327 1331 1343 1360 1363 1369 1375 1387 1391 1397 1418 1504 1543 1659 1662 1664 1666 1672 1674 1679 1680 1684 1685 1694 1696 1697 1702 1704 1707 1709 1714 1718 1722 1724 1726 1727 1729 1730 1733 1735 1739 1741 1742 1744 1745 1748 1749 1750 1755 1757 1761 1762 1765 1768 1771 1772 1775 1777 1779 1780 1784 1790 1792 1794 1795 1797 1800 1802 1803 1805 1807 1808 1810 1812 1813 1816 1818 1819 1821 1823 1824 1826 1828 1829 1835 1837 1839 1841 1842 1845 1850 1852 1856 1860 1863 1864 1865 1876 1878 1879 1880 2703 2853 2877 2900 2923 2972 3000 3147 3155 3169 3184 3336 3415 3472 3664 3695 3723 3739 3753 3756 3787 3811 3963 3977 4006 4209 4229 4232 4238 4242 4246 4281 4290 4298 4309 4333 4337 4340 4366 4369 4404 4455 4659 4661 4665 4669 4670 4674 4675 4677  4681 4685 4687 4690 4692 4700 4701 4703 4705 4710 4711 4715 4716 4719 4724 4725 4726 4728 4730 4731 4733 4734 4737 4743 4744 4746 4750 4752 4754 4761 4762 4766 4767 4771 4774 4779 4780 4781 4782 4785 4789 4793 4795 4797 4798 4800 4803 4805 4806 4808 4810 4812 4813 4815 4817 4818 4821 4824 4827 4829 4831 4832 4835 4837 4840 4841 4842 4844 4846 4847 4850 4853 4855 4859 4866 4867 4868 4874 4878 4881 5264 5918 6016 6040 6085 6121 6177 6192 6202 6211 6538 6684 6686 6715 6774 6787 6833 6838 6961 6989 7228 7233 7249 7266 7274 7285 7298 7309 7317 7318 7326 7330 7350 7357 7383 7407 7425 7429 7616 7655 7672 7680 7681 7685 7687 7689 7691 7701  7707 7708 7712 7713 7722 7725 7726  7733 7736 7738 7741 7744 7746 7748 7750 7751 7754 7757 7759 7763 7765 7768 7769 7772 7774 7778 7781 7785 7786 7789 7793 7796 7800 7801 7802  7805 7809 7815 7816 7817 7822 7824 7825 7828 7833 7835 7837 7838 7841 7844 7846 7849 7851 7854 7860 7861 7863 7867 7868 7871 7874 7876 7878 7882 7886 7889 7890 7895 7898 7902 8461 9099 9121 9125 9142 9145 9205 9224 9225 9230 9292 9512 9553 9589 9604 9639 9641 9659 9733 9749 9762 9895 9926 10133 10140 10161 10168 10170 10189 10202 10207 10211 10213 10216 10218 10235 10239 10284 10292 10295 10308 10312 10466 10524 10528 10529 10531 10533 10536 10537 10540 10542 10543 10544 10546 10549 10551 10555 10557 10559 10561 10562 10564 10565 10568 10570 10571 10572 10574 10576 10577 10579 10580 10583 10584 10589 10590 10592 10596 10598 10600 10604 10607 10608 10610 10613 10617 10620 10626  10628 10630 10631 10633 10635 10639 10641 10643  10648 10649 10652 10653 10654 10655 10658 10659 10661 10663 10664 10667 10670 10673 10677 10678 10681 10683 10686 10688 10692 10696 10699 10701 10705 10712 10713 10714 10716 10720 10722 10723 11047 11098 11119 11122 11179 11182 11200 11203 11261 11328 11410 11575 11607 11624 11626 11629 11643 11719 11745 11750 11765 11777 11827 11879 11904 12102 12106 12115 12136 12139 12143 12152 12157 12170 12174 12185 12189 12192 12198 12207 12229 12257 12261 12263 12266 12285 12287 12390 12393 12427 12502 12506 12507 12509 12510 12514 12515 12517 12518 12521 12522 12523 12525 12528 12530 12531 12536 12538 12540 12542 12543 12545 12546 12549 12551 12555 12556 12558 12559 12563 12564 12565 12567 12569 12574 12575 12580 12584 12591 12592 12594 12595 12599 12602 12606 12608 12611 12613 12615 12616 12619 12621 12622 12623 12628 12630 12631 12634 12635 12638 12639 12641 12643 12644 12647 12650 12652 12654 12655 12657 12659 12660 12666 12668 12672 12678 12679 12681 12683 12687 12691 12694 12696 12700 13059 13060 13061 13062 13063 13064 13065 13076 13151 13152 13204 
	}
	weather={
	}
}
