
strategic_region={
	id=4
	name="STRATEGICREGION_196"
	provinces={
	1728 4704 4900 4964 5076 5100 7511 			4313  1257 1725 2014 2022 2030 2095 2099 4709 4777 5033 7949 10689 10787 10817 10856 12327 12544 12656 12750 12815 12864 13146   1943 1630 4973              5080  7864 10614 12598    1395    4788  1778 1838 1985 2006 3742 4167 4682 5016 5072 5736 7792 7803 8102 10885 12705    2028 2067 4783 7727 7790 7971 10770 12524         1766 2074 4407 5011 7997 8018 10490 10750 10918 12732 12837 12890            1999 4536 5193 6638 7270 8059 10796 11448 12797  1933 2015 4403 4843 4914 5102 7397 8037 8041 8104 10132 10257 12899 12776  1703 1781 1918 1923 4295 4828 4858 7240 8026 8127 9966 10144 10545 10634 10903 12541 12596 12671 12724     1774 4714 4849 4888 4947 5057 7256 7732 7737 7870 10539 10563 12520 12614 12675 12767 	1947 2018 2029 7799 2064 5048 10733 2091 1647 5025 12274 12141 12846 10841 4999 1367 4925  2048 2059 2103 4976 4993 5049 5074 7960 8000 8002 8020 8051 8108 10760 10904 12821 12894 13079 7702 7988 7926 2045 8126 10741 10865 7940 8042 8112 531 12119 2053 1882 10899 10560 10911 2098 1970 10834 1855 4770 10695 12882 10839 7808 5018 4375 556 10315 1698 12789 7911 
	}
	weather={
	}
}
