
strategic_region={
	id=40
	name="STRATEGICREGION_40"
	provinces={
		31 45 73 88 112 119 123 146 175 189 206 227 228 237 260 272 273 278 291 292 298 305 338 339 355 359 361 365 370 372 381 390 393 403 404 410 432 452 464 468 470 477 497 499 508 545 554 566 576 615 618 757 1210 1254 1258 1278 1290 1305 1318 1334 1336 1350 1365 1378 1380 1406 1754 3004 3017 3027 3041 3066 3102 3103 3112 3127 3139 3146 3167 3177 3186 3214 3216 3251 3264 3265 3270 3280 3289 3294 3300 3328 3330 3348 3357 3363 3365 3385 3394 3404 3406 3435 3459 3461 3467 3486 3487 3490 3502 3515 3538 3551 3563 3618 3622 3726 4215 4261 4265 4283 4311 4314 4322 4324 4326 4351 4354 4356 4372 4383 4400 4411 4758 4802 6025 6089 6110 6124 6133 6162 6171 6191 6213 6217 6224 6246 6274 6275 6278 6285 6288 6297 6308 6323 6338 6339 6352 6368 6379 6383 6388 6404 6424 6430 6473 6486 6491 6498 6502 6514 6515 6516 6523 6525 6551 6564 6574 6588 6601 6615 6620 6758 6760 7237 7281 7300 7320 7322 7328 7343 7346 7359 7373 7375 7401 7403 7416 7431 7438 7444 9050 9065 9114 9146 9155 9172 9180 9192 9214 9232 9243 9271 9283 9293 9299 9336 9337 9349 9354 9365 9370 9385 9391 9401 9420 9432 9440 9445 9447 9453 9455 9462 9469 9473 9487 9513 9514 9526 9528 9538 9549 9577 9592 9735 9753 10136 10142 10185 10196 10200 10224 10226 10256 10286 10299 10301 10314 10329 11025 11051 11087 11110 11111 11124 11133 11149 11158 11170 11192 11193 11195 11223 11225 11228 11243 11256 11281 11292 11307 11320 11321 11339 11348 11352 11354 11365 11377 11389 11421 11429 11433 11442 11455 11457 11458 11460 11469 11472 11473 11480 11482 11496 11510 11523 11524 11537 11538 11552 11578 11579 11591 11706 11736 12117 12128 12130 12172 12175 12187 12200 12203 12216 12242 12244 12270 12298 12527 12587 12626 
	}
	weather={
	}
}
