
state={
	id=262
	name="STATE_262" # Pechora
	manpower = 1961496
	 
	state_category = wasteland
	
	impassable = yes

	history={
		owner = SOV
		buildings = {
			infrastructure = 2
						12207 = {
				naval_base = 1
			}
		}
		add_core_of = SOV
	}


	provinces={
		105 154 198 3147 6016 6040 6177 6192 6538 9099 9121 9205 9230 10207 10723 11047 11119 11182 12530 6 99 108 186 1295 1307 3000 3155 4298 6121 6202 7318 7330 7712 7898 9145 9225 10579 11179 11200 11203 12558 1664 1684 3169 4669 7689 7738 8461 9142 1659 1744 1812 4710 4715 4746 4774 4846 7733 7768 7796 7867 7895 10592 10604 10620 12602 12630 12700 4874 7824 10216 10551 10677 11098 12393 12502 12659 13076 96 1729 1757 2900 2923 2972 3336 3415 4692 4733 4761 4812 4859 6085 7809 9224 10536 10564 10607 10635 11122 11261 11328 12517 12545 12643 12687 13060 13064 13065 1726 1768 1784 1856 4730 4771 4817 7685 7781 7837 7882 10533 10561 10663 10692 12514 12542 12574 12639 12672 1674 1718 1765 1824 4681 4767 4827 7655 7789 7793 7849 7861 10529 10613 10617 10673 10686 12174 12510 12536 12599 1679 1697 1741 1780 1828 1837 4687 4743 4785 4831 4842 7701 7707 7750 7805 7863 10544 10576 10631 10705 12555 12595 12615 12655 12666 1792 4703 4737 7726 7828 10557 10628 10688 12531 12608 12668 12681 13059 1722 1745 1819 2853 2877 3184 4006 4229 4455 4744 4878 5264 6211 12549 12592 12634 13061 13062 13063 13204 1714 1805 1865 4810 4881 7772 10540 10572 10598 11607 12518 12551 12650 12683 1748 1795 1852 1878 4726 4752 4798 4821 4855 7746 7765 7817 7844 7889 10589 10608 10641 10667 10701 10714 12565 12611 12623 12694 1823 1839 1863 4728 7878 12207 12522 
	}
}
