state={
	id=278  
	name="Neutral Territory"
	provinces={
		 2099 7997 10750 10796 10834 10865 12846 12890 13146 1010 4141 4325 4431 9939 10763 11972  1999 2067 7294 10726 10841 12141 12819 4559 4937 5009 7965 7976 8126 10413 10863 12789 12898 1959 3427 4960 4986 10451 10854 12706 	1882 4536 4888 7270 10490 10817 11448 12732 12815 1257 2045 4375 4403 5193 9966 10787 10903  1114 1172 1196 1319 1383 1522 1653 4501 5016  7446 7606 8023 10346 10776 12262 12282 4407 5018 5080 5102 8041 8059 10741 10856 1918 7988 8104 12724 12837 4999 1838 4704 4843 7732 10839 12524 12598 12671 1976 2006 4167 4256 4295 5092 7301 7406 7418 10257 12713 3742 5031 5057 5100 7511 8055 8081 8127 10724 12327 12750 12776	1778 2028 4783 5076 7727 7803 7971 8102 10770 10899 12596 12820 4041 4896 5030 7201 7279 7434 10006 10304 10757 10822 12086 12414  7948 8072 7019 10474 7596 7609 1612 12408 4130 10335 1708 1783 1844 4714 4788 4823 4849 7693 7737 7866 10674 10691 12590 12737 1698 1943 2074 4947 5736 10315 2014 2098 4900 5033 8121 5011 7926 10918 1474 1884 4192 4504 4532 5072 7521 7549 7577 8095 10616 10819 12841 1367 1395 1893 2030 2091 4925 5048 6999 7240 7256 8026 10132 10144 11865 12274 12705 12767 531 556 1630 1647 1933 1985 2022 3745 4313 5025 6638 7397 7911 12797 12882 4914 4964 7940 8018 8037 12899 4973 8042 8086 10885 10911 12864 1703 4682 4709 4770 7702 7792 7850 10545 10614 12526 12601 12656 1766 1970 2015 4828  7790 7949 8112 12119 1689 1723 1725 1728 1743 1774 1781 1787 1791 1798 1834 1853 1855 1859 1868 4655 4697 4729 4732 4751 4777 4786 4792 4801 4856 4858 4862 4873 4882 7676 7717 7749 7752 7773 7799 7806 7808 7823 7843 7864 7870 7881 7885 10539 10554 10558 10560 10563 10575 10578 10623 10632 10634 10647 10669 10689 10695 10704 10708 12520 12533 12539 12541 12544 12557 12579 12605 12612 12614 12629 12649 12665 12669 12675 12686 12695 2087 4525 7048 7158 7631 10424 10629 12331 12403 12609 12880 1027 1034 1180 1203 1438 1519 1531 1575 4074 4174 4469 4538 4634 7571 10367 10421 10480 10507 12078 12300 12344 12432 517 1458 4939 5007 7208 7314 7659 8049 10733 10880 12156 12356 5064 2161 5118 5159 5201 5209 5215 8198 8218 8913 10961 2149 2169 2199 5173 8161 8176 8192 10935 10953 10981 11005 11009 12306 12321 12349 12494 12946 12952 12982 1555 1568 1596 1624 1639 4573 4602 4643 7621 10375 10390 10402 10418 12351 12364 12379 12394 12409 12998 650 5121 5169 5191 8194 8222 8229 8251 12920 12954 12984 2158 2179 2215 5152 5184 5219 7550 8215 10964 10992 11021 11022 12942 12970 5131 5146 5171 5192 5228 8217 8231 11000 12914 12994 1449 2172 5163 7500 8187 8208 8238 10515 10943 10975 10985 11007 12453 12964 13000 2136 2224 8195 8216 8253 11001 12928 12978 2106 2208 5143 5213 8169 8255 10944 10965 10986 12922 12943 2182 2210 2225 5202 12953 13086 13175 2156 2162 5190 8199 12969 12983 12997 5051 5120 8047 8075 8252 10888 11020 12798 2079 7936 7991 7993 10747 10790 10846 1937 2023 2085 4969 8056 10494 10864 12703 12790 12845 12872 1633 4611 4624 7630 10482 12878 13087 13092 1988 2075 10728 12738 13139 13178 12823 13093 4991 10842 10886 13085 1944 1997 2052 4526 5088 10855 12772 4942 7968 8024 8080 8113 10767 10823 10912 5056 4892 5000 1981 5317 7915 8050 10736 10849 10879 1887 2007 5026 10792 12729 12770 12825     12865  8017 2031 8149 10942 5162 8213 10970 12869 2212 2226 5166 8160 8191 10940 1613 1626 1641 1654 4457 10347 10362 10502 12336 12440 12468 12481 12496  1326 12178 12190 12206 13001 2053 2174 5179 5229 5230 8157 8225 10938 10952 10987 12930 12979 13134 13174 13195 2160 5188 8211 8240 10924 10982 10996 12902 12916 12917 12973   1676 1877 4680 7703 7731 7804 7819 10597 10627 10646 12610 12625  2195 5165 8203 10973 2152 2173 2194 11023 12901  2209   1550 4476 4600 7451 7546 7590 7622 10374 10498 12347 1594 1635 4641 7632 4598 10484 7660 849 922 3879 3893 6895 9833 11829 11842 785 947 3786 3851 6864 6912 9799 9887 11778 11867 928 3927 4112 6992 7130 9921 9929 10038 11848 11898 13015 890 904 3905 3919 6871 11811 11866 11883 979 3967 3982 6920 6938 6978 6995 9844 9871 11839 11897 933 960 975 3935 3965 9900 9915 11881 11894 789 3714 3979 6976 6991 7454 9886 9932 10403 10472 11753 652 876 4583 7470 9858 9954 10399 11853 11880 12376 13121 784 856 981 3856 3876 3983 6877 6945 9878 10041 11796 11831 11907 1005 1119 9941 10122 11917 12013 12016 12096 4512 7620 9823 9912 11739 11759 11871 12387 12416 864 1463 6935 7530 10497 12318 12476 869 919 921 961 3807 3862 3870 3964 6888 6977 9830 9861 11826 11844 804 909 3907 3951 6808 6908 6925 9806 9901 11747 11784 3890 3903 3950 6919 6950 6965 9761 9777 9860 9868 11797 940 3788 6807 6894 9755 9763 9811 11792 11860 13122 1122 4008 4124 4127 7026 7143 10056 806 886 3889 3921 6813 6956 9893 11746 11810 12029 636 3612 6666 6683 9587 9618 9620 9622 9638 11590 11604 13124 658 661 663 3641 3660 3662 9600 11601 11623 337 3396 9255 9303 9321 9369 11238 11287 11371 285 303 369 3342 3359 7377 11293 11303 6289 6313 6405 7394 9284 9310 9405 11237 11267 11334 1552 2126 4735 5158 7548 8054 8138 8202 8219 8248 10966 12391 12958 12981 12985 2115 2120 2123 2159 2180 2193 2202 2217 5155 5164 5177 5212 8245 10972 12935 12950 12971 1903 8244 12747 12891 1273 970 980 3790 3866 6880 6884 6933 9765 9819  3118	844 924 3846 3886 3926 6986 9869 11768 724 877 3892 6921 6941 9817 11673 845 889 938 3969 6818 6996 9787 11885 799 3798 3861 6924 11805 13071 1923 2095  10901 4189 7959 8006 5023 1965 2008 2011 7913 12755 4904 4965 12715 1900 12753 12867 2021 8236 10773 10889 12712 8079 8089 10732 12810 4887 5066 8032 10730 10832 2051 5052 10172 12746 12873 13089 1952 2083 4956 5015 5021 12721 13088 2060 2104 7973 10738 10746 10769 10800 12811 12835 1945 4946 7921 8003 8057 10853 10871 10895 12804 2037 4898 7935 8097 10809 10830 10916 12745 12827 12850 12897 2069 4908 4977 5071 8012 8033 10765 10848 12833 13214 1892 1904 7964 8119 12461 12736 12859 13215 13216 
	}
	history = {
	victory_points = {
5023 1
}
	}
	manpower=1
	buildings_max_level_factor=1.000
	state_category = wasteland
}
