state={
	id=278
	name="Neutral Territory"
	provinces={
		 2099 7997 10750 10796 10834 10865 12846 12890 13146 1010 4141 4325 4431 9939 10763 11972  1999 2067 7294 10726 10841 12141 12819 4559 4937 5009 7965 7976 8126 10413 10863 12789 12898 1959 3427 4960 4986 10451 10854 12706 	1882 4536 4888 7270 10490 10817 11448 12732 12815 1257 2045 4375 4403 5193 9966 10787 10903  1114 1172 1196 1319 1383 1522 1653 4501 7446 7606 8023 10346 10776 12262 12282 4407 5018 5080 5102 8041 8059 10741 10856 1918 7988 8104 12724 12837 4999 1838 4704 4843 7732 10839 12524 12598 12671 1976 2006 4167 4256 4295 5092 7301 7406 7418 10257 12713 3742 5031 5057 5100 7511 8055 8081 8127 10724 12327 12750 12776	1778 2028 4783 5076 7727 7803 7971 8102 10770 10899 12596 12820 4041 4896 5030 7101 7201 7279 7434 10006 10304 10757 10822 12086 12414  7948 8072 7019 10474 7596 7609 1612 12408 4130 10335 1708 1783 1844 4714 4788 4823 4849 7693 7737 7866 10674 10691 12590 12737 1698 1943 2074 4947 5736 10315 1991 2014 2098 4900 5033 8121 12807 1961 5094 8029 10802 12784 12801 2010 2093 4994 5011 7926 8068 10755 10918 1474 1884 4192 4504 4532 5072 7521 7549 7577 8095 10616 10819 12841 1367 1395 1893 2030 2091 4925 5048 6999 7240 7256 8026 10132 10144 11865 12274 12705 12767 531 556 1630 1647 1933 1985 2022 3745 4313 5025 6638 7397 7911 12797 12882 4914 4964 7940 8018 8037 12899 4973 8042 8086 10885 10911 12864 1703 4682 4709 4770 7702 7792 7850 10545 10614 12526 12601 12656 1766 1970 2015 4828 5016 5087 7790 7949 8112 12119 1689 1723 1725 1728 1743 1774 1781 1787 1791 1798 1834 1853 1855 1859 1868 4655 4697 4729 4732 4751 4777 4786 4792 4801 4856 4858 4862 4873 4882 7676 7717 7749 7752 7773 7799 7806 7808 7823 7843 7864 7870 7881 7885 10539 10554 10558 10560 10563 10575 10578 10623 10632 10634 10647 10669 10689 10695 10704 10708 12520 12533 12539 12541 12544 12557 12579 12605 12612 12614 12629 12649 12665 12669 12675 12686 12695 2087 4525 7048 7158 7631 10424 10629 12331 12403 12609 12880 1027 1034 1180 1203 1438 1519 1531 1575 4074 4174 4469 4538 4634 7571 10367 10421 10480 10507 12078 12300 12344 12432 517 1458 4939 5007 7208 7314 7659 8049 10733 10880 12156 12356  7448 7519 7584 10781 10852 12248 12314 12653 12877 5064 2161 5118 5159 5201 5209 5215 8198 8218 8913 10961 2149 2169 2199 5173 8161 8176 8192 10935 10953 10981 11005 11009 12306 12321 12349 12494 12946 12952 12982 1555 1568 1596 1624 1639 4573 4602 4643 7621 10375 10390 10402 10418 12351 12364 12379 12394 12409 12998 650 5121 5169 5191 8194 8222 8229 8251 12920 12954 12984 2158 2179 2215 5152 5184 5219 7550 8215 10964 10992 11021 11022 12942 12970 5131 5146 5171 5192 5228 8217 8231 11000 12914 12994 1449 2172 5163 7500 8187 8208 8238 10515 10943 10975 10985 11007 12453 12964 13000 2136 2224 8195 8216 8253 11001 12928 12978 2106 2208 5143 5213 8169 8255 10944 10965 10986 12922 12943 2182 2210 2225 5202 12953 13086 13175 2156 2162 5190 8199 12969 12983 12997 5051 5120 8047 8075 8252 10888 11020 12798 2079 7936 7991 7993 10747 10790 10846 1937 2023 2085 4969 8056 10494 10864 12703 12790 12845 12872 1633 4611 4624 7630 10482 12878 13087 13092 1988 2075 10728 12738 13139 13178 12823 13093 4991 10842 10886 13085 1944 1997 2052 4526 5088 10855 12772 4942 7968 8024 8080 8113 10767 10823 10912 5056 4892 5000 1981 5317 7915 8050 10736 10849 10879 1887 2007 5026 10792 12729 12770 12825 1979 2035 2198 4980 5008 5083 5214 5216 5232 8172 8185 8254 10934 10956 10960 12919 12965 13083 2150 2214 2228 5153 5204 5220 10874 10984 12853 12913 12933 12947 12999 1446 1524 2132 2164 2175 2178 2227 5107 5168 5182 7561 8179 8227 10345 10933 10939 10967 10989 10998 12961 4617 5194 8143 8177 8184 8197 8242 10392 10926 10946 5174 8129 5218 12422 10419 11002 12865  8017 2031 8149 10942 5162 8213 10970 12869 2212 2226 5166 8160 8191 10940 1613 1626 1641 1654 4457 10347 10362 10502 12336 12440 12468 12481 12496 1542 1585 1598 4436 4575 4589 4604 5110 7581 7594 7638 10447 12396 1326 12178 12190 12206 13001 2053 2174 5179 5229 5230 8157 8225 10938 10952 10987 12930 12979 13134 13174 13195 2160 5188 8211 8240 10924 10982 10996 12902 12916 12917 12973 2142 2147 2204 8175 11010 12939 2153 4570 5223 7589 8196 8233 10931 10999 12903 12909 12938 10945 12977 2167 7476 8148 12923 2190 2218 12438 10360 8210 12479 2185 8226 12334 12996 8190 2111 2181 5200 8189 8224 10959 12951 12987  12959 8140 5208 5151 5148 5115 2168 2195 5165 8203 10973 2152 2173 2194 11023 12901  2209 1529 2109 4533 4548 4587 5156 5178 8181 8239 10405 12466 1583 5186 7636 10513 10947 10994 11003 11008 12937 12972 10432 5112 5167 7553 1550 4476 4600 7451 7546 7590 7622 10374 10498 12347 1594 1635 4641 7632 4598 10484 7660 849 922 3879 3893 6895 9833 11829 11842 785 947 3786 3851 6864 6912 9799 9887 11778 11867 928 3927 4112 6992 7130 9921 9929 10038 11848 11898 13015 890 904 3905 3919 6871 11811 11866 11883 
	}
	manpower=1
	buildings_max_level_factor=1.000
	state_category = wasteland
}
