state={
	id=506
	name="Mecca"
	provinces={
	2028 2067 4783 7727 7790 7971 10770 12524  1395  5080  10614 12598    1778 1838 1985 2006 3742 4167 4682 5016 5072 5736 7792 7803 8102 10885 12705	1999 4536 5193 6638 7270 8059 10796 11448 12797 1766 2074 4407 5011 7997 8018 10490 10750 10918 12732 12837 12890  1367 4925 5048 10733 2091 1647 5025 12274 12141 12846 10841 4999
	}
	manpower=1
	buildings_max_level_factor=1.000
	state_category=wasteland
	history={
	buildings = { 
		infrastructure = 5
	}
			owner = PER
		add_core_of = PER
	}
}
