state={
	id=509
	name="Eastern Libyan Desert"
	provinces={
		2168 5115 5148 5151 5208 8140 12959 12987 1583 5186 7636 10513 10947 10994 11003 11008 1446 1979 2035 2198 4980 5008 5083 5214 5216 5232 8172 8185 8254 10934 10956 10960 12919 12965 13083 1524 2132 2164 2175 2178 2227 5107 5168 5182 7561 8179 8227 10345 10933 10939 10967 10989 10998 12961 2153 4570 5223 7589 8196 8233 10931 10999 12903 12909 12938 10945 12977 2167 7476 8148 12923 2190 2218 12438 10360 8210 12479 2185 8226 12334 12937 4617 1542 1585 1598 4436 4575 4589 4604 5110 7581 7594 7638 10447 12396 5194 8143 8177 8184 8197 8242 10392 10926 10946 5174 8129 5218 12422 10419 11002 12972 10432 5112 5167 7553 8190 12996 2111 2181 5200 8189 8224 10959 12951 2150 2214 2228 5153 5204 5220 10874 10984 12853 12913 12933 12947 12999 1529 2109 4533 4548 4587 5156 5178 8181 8239 10405 12466 2142 2147 2204 8175 11010 12939
	}
	manpower=1
	buildings_max_level_factor=1.000
	state_category=wasteland
}
