state={
	id=755
	name="STATE_755"
	provinces={
		2053 2099 7997 10750 10796 10834 10865 12846 12890 13146 1010 4141 4325 4431 9939 10763 11972  1999 2067 7294 10726 10841 12141 12819 4559 4937 5009 7965 7976 8126 10413 10863 12789 12898 1959 3427 4960 4986 10451 10854 12706 	1882 4536 4888 7270 10490 10817 11448 12732 12815 1257 2045 4375 4403 5193 9966 10787 10903  1114 1172 1196 1319 1383 1522 1653 4501 7446 7606 8023 10346 10776 12262 12282 4407 5018 5080 5102 8041 8059 10741 10856 1918 7988 8104 12724 12837 4999 1838 4704 4843 7732 10839 12524 12598 12671 1976 2006 4167 4256 4295 5092 7301 7406 7418 10257 12713 3742 5031 5057 5100 7511 8055 8081 8127 10724 12327 12750 12776	1778 2028 4783 5076 7727 7803 7971 8102 10770 10899 12596 12820 4041 4896 5030 7101 7201 7279 7434 10006 10304 10757 10822 12086 12414  7948 8072 7019 10474 7596 7609 1612 12408 4130 10335 1708 1783 1844 4714 4788 4823 4849 7693 7737 7866 10674 10691 12590 12737 1698 1943 2074 4947 5736 10315 1991 2014 2098 4900 5033 8121 12807 1961 5094 8029 10802 12784 12801 2010 2093 4994 5011 7926 8068 10755 10918 1474 1884 4192 4504 4532 5072 7521 7549 7577 8095 10616 10819 12841 1367 1395 1893 2030 2091 4925 5048 6999 7240 7256 8026 10132 10144 11865 12274 12705 12767 531 556 1630 1647 1933 1985 2022 3745 4313 5025 6638 7397 7911 12797 12882 4914 4964 7940 8018 8037 12899 4973 8042 8086 10885 10911 12864 1703 4682 4709 4770 7702 7792 7850 10545 10614 12526 12601 12656 1766 1970 2015 4828 5016 5087 7790 7949 8112 12119 1689 1723 1725 1728 1743 1774 1781 1787 1791 1798 1834 1853 1855 1859 1868 4655 4697 4729 4732 4751 4777 4786 4792 4801 4856 4858 4862 4873 4882 7676 7717 7749 7752 7773 7799 7806 7808 7823 7843 7864 7870 7881 7885 10539 10554 10558 10560 10563 10575 10578 10623 10632 10634 10647 10669 10689 10695 10704 10708 12520 12533 12539 12541 12544 12557 12579 12605 12612 12614 12629 12649 12665 12669 12675 12686 12695 2087 4525 7048 7158 7631 10424 10629 12331 12403 12609 12880 1027 1034 1180 1203 1438 1519 1531 1575 4074 4174 4469 4538 4634 7571 10367 10421 10480 10507 12078 12300 12344 12432 517 1458 4939 5007 7208 7314 7659 8049 10733 10880 12156 12356 
	}
	manpower=1
	buildings_max_level_factor=1.000
	state_category = wasteland
}
